0.629
4,0,1957147787
4,0,1687867117
4,0,1984633622
4,0,2175552743
4,0,1881003589
4,0,2061680723
4,0,1972113488
4,0,2000722236
4,0,2008624625
4,0,1979865084
4,0,2052989558
4,0,1559388406
4,0,2211351615
4,0,1979154668
4,0,2189630842
4,0,2186814910
4,0,1977641795
4,0,2193155115
4,0,2015449991
4,0,2298766834
4,0,2185486603
4,0,1956295735
4,0,1753759555
4,0,1825508585
4,0,1964588954
4,0,2017466467
4,0,1881109757
4,0,1978067922
4,0,1752124791
4,0,1965771501
4,0,1573392336
4,0,2060207145
4,0,1675792127
4,0,1835887178
4,0,1753680689
4,0,2012557382
4,0,1971843248
4,0,1989841621
4,0,1556876523
4,0,2204867919
4,0,2015222595
4,0,1960229206
4,0,1573349825
4,0,1793986860
4,0,2176477147
4,0,1753075050
4,0,1972579305
4,0,1979683045
4,0,2187367873
4,0,2189552428
4,0,2054590838
4,0,1969494477
4,0,1989841960
4,0,2002524431
4,0,1972194617
4,0,2060293142
4,0,1969718774
4,0,2261286948
4,0,2174728297
4,0,1988726701
4,0,2325910133
4,0,2013902107
4,0,2325050123
4,0,2190875744
4,0,2175494955
4,0,1985608976
4,0,1883104826
4,0,2051317114
4,0,1975536237
4,0,1985986516
4,0,1833330900
4,0,2063495580
4,0,1985820444
4,0,1968927976
4,0,2191885257
4,0,2180252013
4,0,2070269238
4,0,1677593646
4,0,2065643953
4,0,2014009354
4,0,1969662086
4,0,1972791885
4,0,2176838725
4,0,1753073797
4,0,2054455526
4,0,2002545320
4,0,1981296175
4,0,2055322852
4,0,1827541938
4,0,1833020266
4,0,1753431870
4,0,1992892848
4,0,1550838931
4,0,1969464607
4,0,1880710857
4,0,2055998732
4,0,2053543748
4,0,1976167639
4,0,2002443505
4,0,2006624731
4,0,1554016844
4,0,2058930753
4,0,1995940365
4,0,2243881261
4,0,1557413110
4,0,2059816632
4,0,2070183042
4,0,1834576435
4,0,1825914650
4,0,1559771618
4,0,2048223166
4,0,1971453289
4,0,1551242276
4,0,2175588725
4,0,1828040051
4,0,2053316450
4,0,1693147538
4,0,1979191166
4,0,2064589976
4,0,2226215344
4,0,1983127514
4,0,2061891319
4,0,1833896855
4,0,1978501866
4,0,2062893215
4,0,2187438678
4,0,2071847294
4,0,2006290912
4,0,2049516737
4,0,2060423355
4,0,1880538473
4,0,1971513366
4,0,1999486820
4,0,2243049546
4,0,1957230081
4,0,2197414287
4,0,2053298538
4,0,1973417538
4,0,2014958181
4,0,2251705745
4,0,1995041705
4,0,2068498188
4,0,1834831477
4,0,2202694750
4,0,1881136874
4,0,1985365570
4,0,2187772164
4,0,1979295924
4,0,2180849131
4,0,2048244095
4,0,2002337812
4,0,2069494319
4,0,2046705005
4,0,1752443716
4,0,1956926206
4,0,1573477883
4,0,1984054484
4,0,2066884555
4,0,2175843088
4,0,1993665707
4,0,1880877750
4,0,1563811535
4,0,2059068356
4,0,1984020763
4,0,2197687359
4,0,2069268298
4,0,2002004270
4,0,2259935463
4,0,1979689042
4,0,1972541842
4,0,1978881072
4,0,1825084508
4,0,2179395568
4,0,2070346506
4,0,2218737777
4,0,2185353107
4,0,2190433059
4,0,1677370967
4,0,1977352355
4,0,1558479420
4,0,1977332203
4,0,1824715026
4,0,1880580631
4,0,1755280934
4,0,2217793754
4,0,1984566029
4,0,1883056201
4,0,1995721580
4,0,2327529437
4,0,2184370493
4,0,1676760032
4,0,2051457517
4,0,2017485812
4,0,2259825671
4,0,1982232147
4,0,2052831580
4,0,2018686618
4,0,1992975233
4,0,2055152777
4,0,1992749754
4,0,2176766049
4,0,2052989134
4,0,2056610820
4,0,2299667383
4,0,1687360159
4,0,1992519882
4,0,2062936342
4,0,1551585303
4,0,1686354736
4,0,1984949982
4,0,1564433484
4,0,1753774472
4,0,1999181690
4,0,1694533257
4,0,2177428713
4,0,1981443860
4,0,1985840139
4,0,1978450347
4,0,1994185604
4,0,2051721647
4,0,2059794844
4,0,1978815306
4,0,2250675995
4,0,1823597732
4,0,1996974510
4,0,2055772843
4,0,1977053993
4,0,2015627378
4,0,1554525444
4,0,1992519109
4,0,1676761515
4,0,1960389892
4,0,1984260078
4,0,2189864901
4,0,2006145361
4,0,2192769504
4,0,2013180783
4,0,2002656271
4,0,2203664869
4,0,2014825201
4,0,1834535400
4,0,1970622213
4,0,2060085655
4,0,1968080524
4,0,2323712175
4,0,1979190637
4,0,2301201253
4,0,2017685208
4,0,2001240698
4,0,1559161184
4,0,2195930480
4,0,1693533756
4,0,1793289893
4,0,1834605969
4,0,1992871959
4,0,2052512465
4,0,1687433996
4,0,2186502454
4,0,2031692640
4,0,2047547757
4,0,2190751703
4,0,2174597044
4,0,1974812567
4,0,2180952604
4,0,1554014414
4,0,2062955047
4,0,1755508143
4,0,1996652909
4,0,1958085427
4,0,1753238091
4,0,2011239116
4,0,1754696920
4,0,1694238710
4,0,2016497273
4,0,2057710367
4,0,2000302851
4,0,1791791919
4,0,2067297654
4,0,1833896516
4,0,1956311152
4,0,1964426372
4,0,2063810854
4,0,2053314468
4,0,1988794017
4,0,1978011295
4,0,1693377549
4,0,1996859713
4,0,1982167358
4,0,1994142588
4,0,2063127136
4,0,2175399134
4,0,2012313507
4,0,2056316017
4,0,1794463713
4,0,2072530627
4,0,1975376649
4,0,1836207117
4,0,1833687514
4,0,2175212665
4,0,1752874075
4,0,1687040925
4,0,2063169338
4,0,1831200933
4,0,1793437375
4,0,2056260561
4,0,2014168508
4,0,2224977656
4,0,1833784358
4,0,2180103909
4,0,2184968771
4,0,2050955778
4,0,1972729453
4,0,1965278109
4,0,1753155229
4,0,1833903462
4,0,1995211777
4,0,2045483017
4,0,1676891637
4,0,2190642223
4,0,2175119599
4,0,2056751884
4,0,1976366758
4,0,2185897138
4,0,2055572452
4,0,1881011504
4,0,2048842006
4,0,1985366887
4,0,1966375792
4,0,2044346523
4,0,2176399114
4,0,1970061392
4,0,1996878848
4,0,2194155386
4,0,1684849948
4,0,2263588643
4,0,1880956893
4,0,1968268992
4,0,2062993720
4,0,1833695071
4,0,1985348873
4,0,1823808919
4,0,2000087847
4,0,1996671227
4,0,2204432748
4,0,2202326485
4,0,2003248125
4,0,2327318381
4,0,1983969684
4,0,1556116674
4,0,1573580743
4,0,1558852444
4,0,2071284987
4,0,1556925122
4,0,1552002486
4,0,1984879707
4,0,1826561413
4,0,1999763637
4,0,2185263899
4,0,2063556280
4,0,2070932060
4,0,2014579913
4,0,1966185081
4,0,1932464938
4,0,2051435061
4,0,1883455033
4,0,2000788784
4,0,2067049834
4,0,2002950992
4,0,1971970362
4,0,1972935998
4,0,2177738890
4,0,1553145907
4,0,1979311832
4,0,2187751249
4,0,1469504712
4,0,1970345420
4,0,2189809062
4,0,2065175912
4,0,2180377134
4,0,2258584674
4,0,2047391062
4,0,2052763105
4,0,2057402985
4,0,1834324283
4,0,2259576394
4,0,2002887428
4,0,2175714348
4,0,2052694297
4,0,1964197084
4,0,1981770082
4,0,2062712676
4,0,1685536370
4,0,1971345070
4,0,2051327314
4,0,1969078275
4,0,1932858264
4,0,2064182414
4,0,1983396202
4,0,2050228928
4,0,2190388246
4,0,2013287663
4,0,1835058460
4,0,2058074207
4,0,1986194021
4,0,2054289026
4,0,2044464986
4,0,2070346712
4,0,2013653469
4,0,1976321424
4,0,2187439319
4,0,1793332033
4,0,2189552066
4,0,1999335426
4,0,2001567569
4,0,2187664371
4,0,1685983053
4,0,1823657565
4,0,1677442367
4,0,1984312105
4,0,2000835553
4,0,2184761500
4,0,2057299806
4,0,1678029285
4,0,2001789372
4,0,1563920209
4,0,1982666707
4,0,1965966826
4,0,2190948341
4,0,1956966443
4,0,1957582808
4,0,2072245364
4,0,1977332144
4,0,1973106649
4,0,1559940226
4,0,2063999872
4,0,2190643944
4,0,1969158469
4,0,1676064946
4,0,1573664189
4,0,2181847790
4,0,1960962796
4,0,2053579217
4,0,2191648145
4,0,2052171035
4,0,1556812911
4,0,2058097316
4,0,2061636383
4,0,2231069633
4,0,2013855300
4,0,1558733859
4,0,1991036259
4,0,2322074674
4,0,1997678271
4,0,1956617105
4,0,1677643925
4,0,2063145622
4,0,1680704134
4,0,1880410369
4,0,1991814908
4,0,1971329093
4,0,2070703841
4,0,1678944598
4,0,2072282027
4,0,1835130753
4,0,2178210195
4,0,1997939625
4,0,1997829491
4,0,2174751742
4,0,1973585704
4,0,1824695249
4,0,1553429154
4,0,1961552100
4,0,1880782217
4,0,1992232798
4,0,2260513396
4,0,2062363423
4,0,1995928037
4,0,1970691092
4,0,1836134023
4,0,2000020095
4,0,2063100589
4,0,1956644624
4,0,1979561605
4,0,1975502908
4,0,2058111303
4,0,2063470837
4,0,1793776408
4,0,1968862893
4,0,2177067197
4,0,2067799813
4,0,2068136953
4,0,2060240889
4,0,2063324447
4,0,1676483353
4,0,1972330944
4,0,1881211148
4,0,1956928275
4,0,1984053950
4,0,2177823084
4,0,2250025486
4,0,1996111194
4,0,2222177875
4,0,2185894331
4,0,1962437858
4,0,1986581930
4,0,1986329088
4,0,2044148493
4,0,1975041909
4,0,1881150585
4,0,2241540513
4,0,2062658321
4,0,1932275553
4,0,1836416414
4,0,1977134499
4,0,1957041618
4,0,2044005644
4,0,1981456978
4,0,2061890846
4,0,1966945807
4,0,1834237732
4,0,1985866989
4,0,1754378592
4,0,2051659530
4,0,1969692403
4,0,1962580479
4,0,1980331116
4,0,1969804605
4,0,2052467543
4,0,1969471601
4,0,2003493750
4,0,2068118038
4,0,2179255917
4,0,1997261281
4,0,1558976090
4,0,1967621173
4,0,2217030191
4,0,1755510562
4,0,1963819350
4,0,1969440099
4,0,1981161655
4,0,2012798441
4,0,2043977298
4,0,1880955370
4,0,1824917742
4,0,1564235860
4,0,1974219174
4,0,1694873919
4,0,1691821659
4,0,1972913509
4,0,2061921588
4,0,1550819739
4,0,1977270217
4,0,2001798867
4,0,2060667381
4,0,2016578577
4,0,1962352529
4,0,1956243781
4,0,1680922409
4,0,1565045759
4,0,1981127497
4,0,1979116263
4,0,2060509744
4,0,1824524647
4,0,2014730504
4,0,1553146695
4,0,2184182630
4,0,1834330849
4,0,2012926711
4,0,1996729711
4,0,1827820728
4,0,1468416968
4,0,2001362520
4,0,1880392178
4,0,1825436712
4,0,2185487894
4,0,2177602012
4,0,1760069536
4,0,1990042732
4,0,1989380034
4,0,1994829244
4,0,2179799222
4,0,1755249365
4,0,2048115876
4,0,2012667329
4,0,1679313539
4,0,2002901706
4,0,1792938068
4,0,2056206241
4,0,1551025320
4,0,2176575417
4,0,1553082746
4,0,1966734163
4,0,1834997476
4,0,1995719503
4,0,1793958511
4,0,1883094913
4,0,2175517803
4,0,1468517861
4,0,2056426424
4,0,1883620309
4,0,2067108284
4,0,2322753794
4,0,2175118901
4,0,2237125463
4,0,1836434651
4,0,2175595552
4,0,1992646008
4,0,1753805688
4,0,1759970378
4,0,2016932251
4,0,1882492138
4,0,2049771496
4,0,1559643205
4,0,1770717229
4,0,2176161024
4,0,2052050498
4,0,1971371574
4,0,1565067341
4,0,1933138374
4,0,1983581062
4,0,1972211822
4,0,1827462333
4,0,2046242037
4,0,1973792596
4,0,1469175624
4,0,1961004654
4,0,2053191360
4,0,1995086333
4,0,2190031910
4,0,2214359297
4,0,1686957828
4,0,1760213614
4,0,2016320660
4,0,1557749707
4,0,2174722994
4,0,2186588838
4,0,2048427770
4,0,2050405738
4,0,1752697690
4,0,2070620438
4,0,1880146681
4,0,1975581938
4,0,1979615196
4,0,2032885050
4,0,1692256233
4,0,1960451048
4,0,2058010594
4,0,2000139017
4,0,2071989593
4,0,1964705872
4,0,1985251289
4,0,2000561565
4,0,2063001034
4,0,1685871179
4,0,1972047168
4,0,1996065978
4,0,1834117076
4,0,1967361245
4,0,1979402873
4,0,1834222944
4,0,1771005709
4,0,1792115648
4,0,2053057977
4,0,2189097652
4,0,1982432329
4,0,2001051834
4,0,2056402180
4,0,1977231388
4,0,2008077739
4,0,2055758649
4,0,1986920737
4,0,1468758748
4,0,2051257808
4,0,1883242060
4,0,2072334120
4,0,1564299946
4,0,1988725394
4,0,1794866418
4,0,1967303916
4,0,1933235688
4,0,1997910286
4,0,2016175717
4,0,2031238773
4,0,2003082359
4,0,1976479392
4,0,1827381832
4,0,1468432914
4,0,1827699089
4,0,2050695195
4,0,1835195571
4,0,1978513754
4,0,2188284642
4,0,1977027670
4,0,2016055363
4,0,1983484333
4,0,2064782722
4,0,1981749857
4,0,1676947102
4,0,1564585741
4,0,2190980355
4,0,2063493059
4,0,2058113264
4,0,1676954357
4,0,1551649043
4,0,2051611525
4,0,2220843642
4,0,1793397206
4,0,2056790509
4,0,1980871245
4,0,2059249876
4,0,1933168908
4,0,1793414678
4,0,2051208107
4,0,1760360855
4,0,1468884106
4,0,1992605142
4,0,2187226479
4,0,2015588045
4,0,1977259468
4,0,2061650465
4,0,1984121255
4,0,2248489157
4,0,2186434592
4,0,1979567381
4,0,2059217524
4,0,2053995430
4,0,1754473317
4,0,1964832580
4,0,1978618552
4,0,2188988696
4,0,1991663718
4,0,1468974247
4,0,1556571579
4,0,2186672789
4,0,1823416419
4,0,1982151617
4,0,1753773121
4,0,1994631126
4,0,2013241513
4,0,2202062730
4,0,2001179681
4,0,1557841398
4,0,1976830613
4,0,2185032121
4,0,1988883408
4,0,2052387006
4,0,1564539621
4,0,1795603324
4,0,2068415937
4,0,1993835279
4,0,2014815438
4,0,2174674480
4,0,1883469454
4,0,1468938068
4,0,1973842931
4,0,2062000752
4,0,1558823209
4,0,1880285788
4,0,2177164459
4,0,2182122414
4,0,1678692984
4,0,2067144045
4,0,2013457990
4,0,1990000835
4,0,1685870875
4,0,1993837556
4,0,1961150585
4,0,2066321757
4,0,2014500929
4,0,1965952933
4,0,2048391281
4,0,1555759472
4,0,1989542505
4,0,1998163432
4,0,2192464260
4,0,1823040086
4,0,2072286857
4,0,2051641993
4,0,1695026898
4,0,1690908307
4,0,1992108840
4,0,2057726742
4,0,2051373871
4,0,1970708669
4,0,1693809577
4,0,1976776030
4,0,2039911911
4,0,2175335493
4,0,1754549847
4,0,1965952061
4,0,1972421794
4,0,2190055557
4,0,1970363782
4,0,1834689183
4,0,1932590853
4,0,1936081436
4,0,1978765024
4,0,2057115914
4,0,1966962049
4,0,2205171816
4,0,1970976058
4,0,2016250485
4,0,2180425315
4,0,1972737751
4,0,1990859187
4,0,1755543946
4,0,2207567917
4,0,1974666481
4,0,2175622616
4,0,2065591161
4,0,1824135057
4,0,2046337872
4,0,1692372566
4,0,1753886218
4,0,2055091233
4,0,1573384266
4,0,2048803151
4,0,1978516086
4,0,1687215166
4,0,2053048872
4,0,1989191535
4,0,1957015189
4,0,2223078904
4,0,2045986437
4,0,1752964404
4,0,2052842287
4,0,2190596519
4,0,1967887927
4,0,1984849708
4,0,1977260769
4,0,1684875501
4,0,2032158474
4,0,1978926816
4,0,1823288343
4,0,2052859374
4,0,2057585479
4,0,2050210233
4,0,1997398001
4,0,2012896727
4,0,1971170932
4,0,1973897508
4,0,1973965139
4,0,1881475379
4,0,1989473566
4,0,2001426606
4,0,2213999563
4,0,1832259257
4,0,2178367144
4,0,2193153452
4,0,2181101126
4,0,1978900069
4,0,2053918152
4,0,2231822283
4,0,2000880576
4,0,2051576338
4,0,1795555552
4,0,1564315193
4,0,2002501745
4,0,1695027050
4,0,2003795719
4,0,1979910058
4,0,1978012287
4,0,1964854224
4,0,1822429796
4,0,2049857364
4,0,2004585522
4,0,1694978970
4,0,2052563140
4,0,1956992476
4,0,1999484456
4,0,1564136878
4,0,2188664802
4,0,2000332658
4,0,1989912915
4,0,1990856086
4,0,1971123035
4,0,2071325931
4,0,2066902022
4,0,2179947074
4,0,1794188164
4,0,2049613747
4,0,2061539967
4,0,1686138318
4,0,1557713531
4,0,1978459489
4,0,2068855971
4,0,1686335394
4,0,1795691416
4,0,2063224547
4,0,2055832274
4,0,2189960669
4,0,2054655011
4,0,1823685808
4,0,2188468480
4,0,2063268327
4,0,1470068878
4,0,1962718346
4,0,1548644566
4,0,2048679195
4,0,1972040388
4,0,1989676482
4,0,1551909462
4,0,1982149807
4,0,1677329544
4,0,2059848431
4,0,1991622846
4,0,1824711502
4,0,2186457758
4,0,2052804410
4,0,2184741280
4,0,2065200014
4,0,2002594920
4,0,2060599692
4,0,2188768839
4,0,2182682166
4,0,1985578104
4,0,1971678874
4,0,1752701129
4,0,2050417937
4,0,2055338825
4,0,1980564628
4,0,2059998972
4,0,1880429207
4,0,1966394318
4,0,2190282025
4,0,2003555932
4,0,1573367727
4,0,2047901727
4,0,1957671528
4,0,1989741344
4,0,1550762111
4,0,2054624974
4,0,2062633679
4,0,2063041301
4,0,1685644439
4,0,2187775110
4,0,1968810411
4,0,1835117083
4,0,1989686683
4,0,2014690843
4,0,1967250058
4,0,1970560648
4,0,2003206504
4,0,1881098407
4,0,2014035669
4,0,1980243256
4,0,2183302530
4,0,1755476157
4,0,1979961819
4,0,2062990704
4,0,2050987503
4,0,2302230182
4,0,2051723243
4,0,2064431405
4,0,2065071106
4,0,1982634585
4,0,2055430625
4,0,1982449367
4,0,1989815670
4,0,2063144332
4,0,1981251430
4,0,2060701074
4,0,2212860208
4,0,1969959009
4,0,1881526384
4,0,2049499370
4,0,2195265794
4,0,1686250334
4,0,1977955817
4,0,2056990056
4,0,2063298679
4,0,1982115285
4,0,1827804232
4,0,1795857532
4,0,2001790917
4,0,1997734796
4,0,1989824979
4,0,1978260578
4,0,2063838572
4,0,1960157527
4,0,2068371527
4,0,1825029242
4,0,2070769227
4,0,1880643258
4,0,2047027958
4,0,1981470767
4,0,2013807024
4,0,1564055911
4,0,1984799362
4,0,2189583714
4,0,1963480685
4,0,1997655687
4,0,2176495897
4,0,2002316755
4,0,2297939469
4,0,1694455040
4,0,2014175658
4,0,1980321250
4,0,2050682617
4,0,1984730378
4,0,2067645862
4,0,1751138541
4,0,1684901393
4,0,2186626303
4,0,2000632819
4,0,2062303910
4,0,2262872873
4,0,2000415281
4,0,2001147127
4,0,1558974051
4,0,1548853933
4,0,2053296799
4,0,2003023406
4,0,1993038748
4,0,2000410619
4,0,2199541774
4,0,2064471704
4,0,1881371908
4,0,1834974036
4,0,1983258051
4,0,1695884739
4,0,1556014589
4,0,1965842315
4,0,2064555102
4,0,1752619480
4,0,1793483757
4,0,2051625274
4,0,2001364100
4,0,2056934343
4,0,1685304983
4,0,1676396421
4,0,1695582192
4,0,1971483037
4,0,2197702001
4,0,2181423595
4,0,2191809753
4,0,1574127753
4,0,2044614329
4,0,1991836024
4,0,1792693919
4,0,2047988616
4,0,2189745897
4,0,1964640319
4,0,1971317071
4,0,2063439627
4,0,1956821216
4,0,2064362695
4,0,1989796801
4,0,2324017573
4,0,1979858711
4,0,1961355710
4,0,1824201914
4,0,2051459684
4,0,2191529282
4,0,1558506486
4,0,1678548313
4,0,1985263886
4,0,2188633031
4,0,2188033405
4,0,1880114611
4,0,1880858882
4,0,2210029365
4,0,2061316289
4,0,2063349009
4,0,2192185539
4,0,2069657032
4,0,2051420448
4,0,2175781178
4,0,2286770297
4,0,1977868203
4,0,1751786631
4,0,1965355598
4,0,1981545563
4,0,2052333273
4,0,2050619058
4,0,1978394494
4,0,2018598033
4,0,2191665100
4,0,2224323153
4,0,1573779492
4,0,2053996720
4,0,2237414613
4,0,2018147422
4,0,1973569886
4,0,1969395687
4,0,2015042661
4,0,2004201964
4,0,1994764896
4,0,1830924783
4,0,1824280719
4,0,1555984963
4,0,2185588966
4,0,2013211528
4,0,1835437435
4,0,1795086382
4,0,1970411774
4,0,2206744930
4,0,1972330308
4,0,2328474171
4,0,2054334262
4,0,1963928567
4,0,1992708505
4,0,1968024018
4,0,1835885753
4,0,2063364074
4,0,1957368230
4,0,2057605069
4,0,1551298222
4,0,1989103276
4,0,1978662593
4,0,1881199815
4,0,1694494207
4,0,2233044818
4,0,2186058487
4,0,1836116145
4,0,1979756769
4,0,1969912809
4,0,1971305493
4,0,1828037866
4,0,2061065201
4,0,1827471977
4,0,2063504061
4,0,2054485735
4,0,1979655588
4,0,1827587440
4,0,1553955966
4,0,2221333503
4,0,1548497412
4,0,2004586700
4,0,1834167544
4,0,1986472666
4,0,2263792095
4,0,1557918866
4,0,1982802109
4,0,1688970411
4,0,1880394133
4,0,1880782565
4,0,1998290850
4,0,1989787765
4,0,1976122570
4,0,2015031510
4,0,2049265771
4,0,1688818780
4,0,1685413117
4,0,1574106077
4,0,1988726639
4,0,1971399305
4,0,1553926215
4,0,1975802551
4,0,1995126681
4,0,1989805127
4,0,1469817635
4,0,2057403641
4,0,1692057829
4,0,1996692657
4,0,1759933073
4,0,1986044144
4,0,1985838135
4,0,2014389257
4,0,2221249487
4,0,1833400604
4,0,1564381364
4,0,1556360898
4,0,1932294612
4,0,2189110215
4,0,1965878710
4,0,2236523671
4,0,1835673287
4,0,1983952145
4,0,2188545567
4,0,2002134928
4,0,1984395798
4,0,2055774555
4,0,2053802188
4,0,2062277398
4,0,1997947207
4,0,1999667170
4,0,2061167562
4,0,2057820126
4,0,2058465814
4,0,1883076919
4,0,2001268591
4,0,1573685091
4,0,1970942043
4,0,2065013454
4,0,1976984451
4,0,1958136373
4,0,2047675036
4,0,1970586550
4,0,2071326407
4,0,1676066610
4,0,1880005428
4,0,1991018024
4,0,1553333885
4,0,1678493300
4,0,2043947464
4,0,2069579221
4,0,1990738945
4,0,2055636110
4,0,1548778307
4,0,2233645391
4,0,1985115832
4,0,2062078748
4,0,1881856518
4,0,1551271848
4,0,1994997177
4,0,2071775489
4,0,2185893285
4,0,1557243543
4,0,1975861525
4,0,2018643996
4,0,2185442798
4,0,1970221271
4,0,1883344152
4,0,2183698796
4,0,1995997406
4,0,2053803163
4,0,2192182892
4,0,2248657929
4,0,2050884067
4,0,2178597165
4,0,1551714135
4,0,2014731765
4,0,2189779969
4,0,1824898282
4,0,1834402106
4,0,1823834710
4,0,2253327785
4,0,1970647193
4,0,2064925896
4,0,2176171859
4,0,2181802712
4,0,2068197889
4,0,1989318660
4,0,1967324807
4,0,2061298828
4,0,2263099021
4,0,2056096442
4,0,2049004923
4,0,1880879362
4,0,1693743621
4,0,2002464440
4,0,1999100085
4,0,1966904988
4,0,1676953457
4,0,1970664646
4,0,1967924787
4,0,1989201381
4,0,2178082074
4,0,1677828589
4,0,1686043770
4,0,1982769422
4,0,1992356467
4,0,2197968184
4,0,1881686170
4,0,2050581757
4,0,1882521785
4,0,2246116065
4,0,2015246844
4,0,2217362024
4,0,1752940910
4,0,1678575262
4,0,2001123605
4,0,1971915406
4,0,2018978009
4,0,2069212894
4,0,1555903726
4,0,2053612566
4,0,1981312378
4,0,1686801295
4,0,1956404763
4,0,2262400586
4,0,2054152825
4,0,1971591438
4,0,1685030715
4,0,1984090316
4,0,2178009403
4,0,2176058972
4,0,1977528561
4,0,2064941735
4,0,1880475139
4,0,2053272407
4,0,1882181643
4,0,2189704535
4,0,2067294702
4,0,2062993878
4,0,2066717717
4,0,2051249579
4,0,1468867682
4,0,1791921376
4,0,1982311172
4,0,1976905309
4,0,1981724064
4,0,1822468593
4,0,1990738745
4,0,1558372064
4,0,1694219987
4,0,1966251102
4,0,2060436786
4,0,2176045377
4,0,1981985306
4,0,1986425026
4,0,2055267316
4,0,1468971022
4,0,1833427018
4,0,1978745275
4,0,1553546827
4,0,1973724240
4,0,2066410736
4,0,1996991181
4,0,1974941925
4,0,2175517898
4,0,1967250169
4,0,1975425119
4,0,2247143126
4,0,2019009686
4,0,2053861047
4,0,2066923231
4,0,1832598708
4,0,2192140150
4,0,1995573408
4,0,1977222243
4,0,2212259293
4,0,1882374358
4,0,1969386076
4,0,1676129392
4,0,1962203730
4,0,1983466589
4,0,2015599568
4,0,1881338312
4,0,2061233561
4,0,2069325991
4,0,2231221308
4,0,1970569246
4,0,1834175920
4,0,1836010411
4,0,1969336585
4,0,1983976761
4,0,1468115583
4,0,2253612218
4,0,1753384040
4,0,2045619118
4,0,2053772571
4,0,2001767990
4,0,1933035513
4,0,1964062669
4,0,1977122299
4,0,1990132042
4,0,1999761186
4,0,1558726445
4,0,2057422041
4,0,2062733801
4,0,1983362612
4,0,2175574869
4,0,2059364563
4,0,1793438760
4,0,1548775825
4,0,1955945305
4,0,2232235976
4,0,2055446908
4,0,2011541308
4,0,2063269551
4,0,1679241097
4,0,2068079914
4,0,2191481232
4,0,1557076284
4,0,1550967980
4,0,1573928651
4,0,2185600725
4,0,2013693590
4,0,1573581030
4,0,1956633204
4,0,2066809399
4,0,1822721571
4,0,2055994354
4,0,2067294963
4,0,1968483024
4,0,1834111498
4,0,2234939097
4,0,1962201199
4,0,1995874025
4,0,1998493769
4,0,2066134775
4,0,1985316227
4,0,1880692135
4,0,2071889961
4,0,2059347846
4,0,1558167236
4,0,1694385463
4,0,1962907469
4,0,1980911890
4,0,1794233655
4,0,1976014785
4,0,2001089537
4,0,2188231338
4,0,1984548819
4,0,2326206444
4,0,2049697065
4,0,2068416130
4,0,1995018894
4,0,1978200499
4,0,1970027331
4,0,1961593128
4,0,1962395745
4,0,2183548578
4,0,2182552747
4,0,2015071841
4,0,2221708293
4,0,1991328471
4,0,1966409863
4,0,1573485260
4,0,1971018048
4,0,1792695875
4,0,1558265511
4,0,1827381443
4,0,2050152197
4,0,2010302893
4,0,2057099793
4,0,1556811409
4,0,1968482576
4,0,1966782417
4,0,1996109675
4,0,1750895141
4,0,2060241369
4,0,1973878622
4,0,2191843449
4,0,2068258475
4,0,1981900585
4,0,1976996340
4,0,1932938435
4,0,1992294169
4,0,2266998369
4,0,2182916783
4,0,1836342106
4,0,1548836604
4,0,1469130962
4,0,2191483237
4,0,2178907211
4,0,2300539637
4,0,1573719639
4,0,2053415419
4,0,1791922600
4,0,1990210457
4,0,1977194800
4,0,1969931486
4,0,2069267718
4,0,2051149296
4,0,2067276560
4,0,1970364001
4,0,1552003584
4,0,2016072529
4,0,2047434135
4,0,1982398835
4,0,2176565100
4,0,2189227125
4,0,1973123252
4,0,1792420652
4,0,2224975367
4,0,2052924372
4,0,2054427692
4,0,1969356296
4,0,1676509702
4,0,1882386046
4,0,2044219446
4,0,1995529821
4,0,1833831746
4,0,1696004171
4,0,2260579525
4,0,2067722085
4,0,1962515341
4,0,1985313659
4,0,2064217114
4,0,1825413764
4,0,1793570706
4,0,1967697025
4,0,1685903028
4,0,1557644140
4,0,1694401661
4,0,2056771009
4,0,2212930982
4,0,2057628917
4,0,2067795339
4,0,2061826540
4,0,1990968221
4,0,2062338177
4,0,1962177587
4,0,1754377309
4,0,1977042186
4,0,1794772516
4,0,2301100349
4,0,2012261849
4,0,2262764068
4,0,2232564118
4,0,1691162994
4,0,2175001680
4,0,2070377275
4,0,2179852339
4,0,1836296673
4,0,1835901539
4,0,2188598328
4,0,1979023292
4,0,1992539398
4,0,1976961804
4,0,1965485752
4,0,1791599250
4,0,1990485204
4,0,1974682319
4,0,1827657151
4,0,1986111143
4,0,2064316089
4,0,1964195230
4,0,2057955337
4,0,1752019443
4,0,1686826570
4,0,1983397388
4,0,1835068781
4,0,1964020323
4,0,1966579390
4,0,1985214887
4,0,2018460485
4,0,1793659391
4,0,1957607793
4,0,2175052797
4,0,2069378315
4,0,2001856520
4,0,2013240150
4,0,1880663618
4,0,1687402452
4,0,2002034406
4,0,2176090590
4,0,1827573081
4,0,2053630459
4,0,2297795163
4,0,1834729282
4,0,1828053716
4,0,2223705432
4,0,1962353215
4,0,2176290037
4,0,2052832236
4,0,2192124502
4,0,2013720300
4,0,2058962904
4,0,1969846142
4,0,2048202160
4,0,1792868855
4,0,1677379060
4,0,1880888805
4,0,1977443032
4,0,2059962410
4,0,1755729903
4,0,2176311379
4,0,2219507949
4,0,1573666657
4,0,2053080938
4,0,1564959316
4,0,2264993614
4,0,1974514482
4,0,2039870010
4,0,2062580594
4,0,1968440555
4,0,1992203822
4,0,1686105732
4,0,1979656836
4,0,2070727729
4,0,2058380097
4,0,2051022295
4,0,2328320006
4,0,1831204468
4,0,2048138657
4,0,1993475571
4,0,2049595198
4,0,2052512832
4,0,2000499065
4,0,1827962151
4,0,2050568792
4,0,2207735707
4,0,1957627832
4,0,2238355534
4,0,2044464849
4,0,2053748954
4,0,2061048805
4,0,2070031528
4,0,1676093355
4,0,1793751871
4,0,2044312558
4,0,2058778726
4,0,1753466682
4,0,1693179406
4,0,2007242690
4,0,2065766051
4,0,2063827288
4,0,1971018611
4,0,2014987658
4,0,2059696343
4,0,1972827398
4,0,2056716807
4,0,1963354686
4,0,1967738646
4,0,2018419840
4,0,1557915414
4,0,1985541153
4,0,1834518030
4,0,2064592635
4,0,2182970438
4,0,2185600418
4,0,1792819856
4,0,1982682813
4,0,1996917792
4,0,1559515018
4,0,2039896498
4,0,1994113232
4,0,1992419405
4,0,2053388905
4,0,2070387156
4,0,1556812745
4,0,1825716046
4,0,1834394080
4,0,1827055126
4,0,1982098562
4,0,2067108245
4,0,1556760752
4,0,2059098738
4,0,1978248542
4,0,1831297219
4,0,2052834135
4,0,1998086133
4,0,1468418944
4,0,2065040075
4,0,2013822569
4,0,1752416053
4,0,2306279843
4,0,2175964661
4,0,1999294405
4,0,1676641040
4,0,1828042867
4,0,1974017671
4,0,2015553875
4,0,2062265378
4,0,1990293696
4,0,2188958699
4,0,2013341815
4,0,2052097461
4,0,1967076602
4,0,2190433576
4,0,2016176227
4,0,2054595591
4,0,2176019235
4,0,2059530050
4,0,1984411784
4,0,2052192884
4,0,2178099675
4,0,2267073422
4,0,1990270454
4,0,1999434844
4,0,1834184580
4,0,2235556059
4,0,2062866238
4,0,1753307859
4,0,1825066812
4,0,2062291020
4,0,1999764270
4,0,2001617342
4,0,1966392529
4,0,1825582639
4,0,2179726199
4,0,1686303213
4,0,2181153111
4,0,2013536174
4,0,1823991640
4,0,1970452747
4,0,2244975634
4,0,1694182717
4,0,1686467172
4,0,2001751668
4,0,1550786370
4,0,1991260746
4,0,1994029738
4,0,1958093829
4,0,1835142688
4,0,2188359991
4,0,1553984680
4,0,2174644519
4,0,2050920790
4,0,1751641728
4,0,2174503844
4,0,2189367809
4,0,2066538984
4,0,1960630050
4,0,2061394917
4,0,2232935339
4,0,2068119426
4,0,1966981206
4,0,1825326982
4,0,1573529860
4,0,1558944046
4,0,2013525590
4,0,1996174614
4,0,2180325900
4,0,1694533703
4,0,2179777403
4,0,1978148270
4,0,2260944348
4,0,2013900996
4,0,2001817876
4,0,2005201329
4,0,1694858848
4,0,2003206489
4,0,1677076299
4,0,2257677624
4,0,2050829979
4,0,2252446670
4,0,2230163102
4,0,2248551834
4,0,1880422906
4,0,1564624568
4,0,2060292990
4,0,1978172682
4,0,1754547941
4,0,1469221880
4,0,2065362897
4,0,1974608609
4,0,1553462371
4,0,1692372391
4,0,1551179767
4,0,2182428182
4,0,2017125217
4,0,1793985685
4,0,1966523824
4,0,1685127746
4,0,2054612319
4,0,1957616649
4,0,2191296430
4,0,2070261537
4,0,2072513721
4,0,1825717070
4,0,2013934573
4,0,1992375740
4,0,2179377796
4,0,1677131734
4,0,1984666096
4,0,1565467660
4,0,1967584382
4,0,1992351987
4,0,1827414458
4,0,2059435727
4,0,1759773677
4,0,2055012070
4,0,1823572407
4,0,1752353646
4,0,1957193258
4,0,2205708897
4,0,2179667909
4,0,1977940904
4,0,1955833103
4,0,2295215446
4,0,1981564503
4,0,2000876174
4,0,2323407818
4,0,1998163623
4,0,2049499233
4,0,1677628796
4,0,1968680829
4,0,2018754422
4,0,1974428822
4,0,2062613667
4,0,1958074103
4,0,2190656080
4,0,1970092385
4,0,2060330217
4,0,2014359839
4,0,2190329703
4,0,1979099239
4,0,1980287632
4,0,1986546821
4,0,1966183228
4,0,1754354042
4,0,2055958291
4,0,1557412672
4,0,1977144111
4,0,1968202167
4,0,1573928890
4,0,1882215056
4,0,1989991861
4,0,2017545021
4,0,1989308860
4,0,2176769626
4,0,2247552784
4,0,1978347123
4,0,1992032581
4,0,1760212893
4,0,2057709063
4,0,2060278712
4,0,1978286609
4,0,1990436668
4,0,1962436596
4,0,1965696677
4,0,1693379155
4,0,1990429095
4,0,1997260503
4,0,1978639752
4,0,2175622796
4,0,1957301684
4,0,2053173907
4,0,2068274687
4,0,1956860826
4,0,2048326579
4,0,2057421923
4,0,1559547917
4,0,2051992566
4,0,1986897510
4,0,2069025296
4,0,2218290302
4,0,2071743874
4,0,2059779670
4,0,2266221316
4,0,1981281710
4,0,2058265373
4,0,1750920435
4,0,2058382558
4,0,1469393410
4,0,1970419452
4,0,1833804377
4,0,1752088198
4,0,2174644023
4,0,1826036335
4,0,1759728849
4,0,1990590972
4,0,2186083264
4,0,1827509628
4,0,2178011071
4,0,1752895729
4,0,1881011240
4,0,1991688740
4,0,2178189453
4,0,1751949655
4,0,2000560641
4,0,2071094028
4,0,2060305622
4,0,2066865271
4,0,1881755425
4,0,2176127247
4,0,2065156743
4,0,1962717208
4,0,2066100390
4,0,1979449971
4,0,2231628411
4,0,2064435287
4,0,1755808837
4,0,2039871503
4,0,1994782412
4,0,1991037095
4,0,1989055740
4,0,1677504904
4,0,1881383889
4,0,1974138257
4,0,2182654453
4,0,2058246579
4,0,2184227532
4,0,1997987337
4,0,1970243736
4,0,2051751034
4,0,1982989985
4,0,1685720185
4,0,2001203239
4,0,2055324817
4,0,2017882305
4,0,2175234612
4,0,2185847294
4,0,1979190716
4,0,1554402171
4,0,1986026486
4,0,2186902403
4,0,2288473366
4,0,2016130865
4,0,1989636690
4,0,2012030470
4,0,2014428299
4,0,2070581856
4,0,1979317118
4,0,1996934919
4,0,1972080586
4,0,2001414712
4,0,1957745916
4,0,1557107983
4,0,1558072349
4,0,2191235541
4,0,2014918603
4,0,2326572993
4,0,1754192209
4,0,2001947271
4,0,2190092502
4,0,2063839652
4,0,2189981065
4,0,1992146775
4,0,1969992398
4,0,1687306308
4,0,1794187091
4,0,2000953619
4,0,1995064869
4,0,1978956136
4,0,2068870503
4,0,2001373174
4,0,1982890263
4,0,2191204299
4,0,1966392109
4,0,1983555113
4,0,1882875094
4,0,2184855474
4,0,2175407198
4,0,1565878401
4,0,1693975539
4,0,1558560556
4,0,1999500328
4,0,2002161205
4,0,2055013569
4,0,1974427800
4,0,1981234761
4,0,1983969629
4,0,1969614540
4,0,1978441286
4,0,1834038514
4,0,1691901682
4,0,2070405984
4,0,1993373599
4,0,1754936930
4,0,2217361936
4,0,1986350125
4,0,1982801240
4,0,1997986587
4,0,2175419389
4,0,1994274826
4,0,2054299476
4,0,1989315795
4,0,2184924779
4,0,2190836125
4,0,1693935242
4,0,2187551063
4,0,2191133339
4,0,1976351799
4,0,1969802101
4,0,1834125681
4,0,2174565705
4,0,1956159580
4,0,2175197089
4,0,1676456036
4,0,2054657043
4,0,2039711243
4,0,1823478020
4,0,1995105471
4,0,1984530142
4,0,1962938559
4,0,1564008495
4,0,2064909087
4,0,1550847626
4,0,1880709634
4,0,2050020165
4,0,2178066902
4,0,2060364120
4,0,1991911169
4,0,1976854483
4,0,1997735833
4,0,1985395190
4,0,1983068708
4,0,1986425054
4,0,2068651185
4,0,1997975253
4,0,2016608836
4,0,2188152323
4,0,1986719039
4,0,2067529154
4,0,1989325840
4,0,1827367159
4,0,2207502199
4,0,1694647702
4,0,2063123233
4,0,1972631580
4,0,2176535661
4,0,2001009494
4,0,1997213502
4,0,1554461032
4,0,2058255096
4,0,1563937593
4,0,2323371111
4,0,2069249562
4,0,2016380616
4,0,1558023914
4,0,1759970556
4,0,1957490637
4,0,1691822659
4,0,1983734284
4,0,2045986175
4,0,1834702702
4,0,2046236095
4,0,1685608566
4,0,2064727148
4,0,1793180190
4,0,2053126193
4,0,2062723054
4,0,2058027302
4,0,2061301194
4,0,1983950926
4,0,1883149671
4,0,2013656946
4,0,2185987963
4,0,1686956999
4,0,2048303421
4,0,1932790003
4,0,2052848742
4,0,2039868322
4,0,2004190742
4,0,1793854749
4,0,2187157540
4,0,1965716235
4,0,1793116910
4,0,1974908002
4,0,2070407952
4,0,1972454054
4,0,2069325684
4,0,1963997525
4,0,1970309658
4,0,1981801687
4,0,1755510034
4,0,1573234436
4,0,2047902781
4,0,1824785620
4,0,2014471247
4,0,1827196628
4,0,1677957719
4,0,2193426454
4,0,1997658669
4,0,1979607700
4,0,1754025417
4,0,2250541460
4,0,2064671178
4,0,2069871992
4,0,2063848106
4,0,2069267214
4,0,1824733695
4,0,1977752930
4,0,1677204183
4,0,1956733979
4,0,1968693796
4,0,2058552052
4,0,2190143828
4,0,1977947576
4,0,2189995594
4,0,2323517555
4,0,2205132108
4,0,2174363479
4,0,1827978952
4,0,2051958919
4,0,2051227907
4,0,1973468959
4,0,2190385916
4,0,1694686765
4,0,1989854387
4,0,1564252761
4,0,1551049117
4,0,2069118726
4,0,1981643130
4,0,2015007122
4,0,1973485358
4,0,1975694092
4,0,1564959337
4,0,2063736710
4,0,1993665264
4,0,2010601007
4,0,1693653866
4,0,1553368716
4,0,1684969857
4,0,2015487997
4,0,2053983330
4,0,2300744163
4,0,2066974254
4,0,1882895988
4,0,1753519132
4,0,1995939628
4,0,1823994596
4,0,2065331597
4,0,1692095665
4,0,2228847485
4,0,1966465433
4,0,1962460120
4,0,2061349567
4,0,1564039674
4,0,1996245626
4,0,1753498357
4,0,1963603407
4,0,2003536021
4,0,2057168329
4,0,1832768689
4,0,2174505401
4,0,1957276202
4,0,1980682504
4,0,1989544538
4,0,1557133612
4,0,2062491161
4,0,1978236695
4,0,2046055762
4,0,1881295792
4,0,1960632882
4,0,2047656205
4,0,1834789458
4,0,2060582372
4,0,2191665439
4,0,2072280721
4,0,1956108055
4,0,2215231432
4,0,1973436111
4,0,2013095927
4,0,2055478726
4,0,1977943200
4,0,1753481876
4,0,1693767905
4,0,2058131119
4,0,1972439010
4,0,1991350427
4,0,1551523241
4,0,1686044244
4,0,1997787592
4,0,1559292328
4,0,1998940148
4,0,2174585044
4,0,1823121412
4,0,1548727630
4,0,1824018111
4,0,2050435574
4,0,1997123039
4,0,2053368688
4,0,1880607409
4,0,1993816360
4,0,1989650043
4,0,2002083818
4,0,1468835040
4,0,1687663903
4,0,1834962858
4,0,2190641532
4,0,1880572429
4,0,2066358711
4,0,2177361767
4,0,1834269391
4,0,1677330296
4,0,1981250069
4,0,1974645728
4,0,2062108310
4,0,1835868982
4,0,1979310641
4,0,1793853301
4,0,2064445391
4,0,2017608191
4,0,2017153731
4,0,1989409218
4,0,1984106267
4,0,2253952181
4,0,2015970067
4,0,1793904315
4,0,1880984162
4,0,1559875649
4,0,1968184163
4,0,2068371794
4,0,1967251110
4,0,2191292994
4,0,1997480973
4,0,2068513183
4,0,1686409887
4,0,1880736368
4,0,1468293310
4,0,1976304337
4,0,1973570304
4,0,1981815354
4,0,1983691416
4,0,1751786528
4,0,2062915421
4,0,1972882235
4,0,2048072283
4,0,2200591501
4,0,1968793679
4,0,2058146749
4,0,2258970366
4,0,1565917430
4,0,1976481129
4,0,1999162258
4,0,2051674050
4,0,1685727442
4,0,1989897759
4,0,2066644913
4,0,1559069628
4,0,1978962713
4,0,1974960721
4,0,1573878412
4,0,1957263197
4,0,2065365119
4,0,1986194216
4,0,2070208703
4,0,2067920803
4,0,2000333929
4,0,1824041832
4,0,2050282339
4,0,1966284139
4,0,2001956856
4,0,2177987567
4,0,2067820275
4,0,1978953798
4,0,1828054160
4,0,2017958920
4,0,1983049388
4,0,1573491609
4,0,2002441844
4,0,2003229650
4,0,1880176718
4,0,1998734268
4,0,2191734280
4,0,1828024584
4,0,1956326307
4,0,1994251292
4,0,1963998125
4,0,1997750311
4,0,2063489310
4,0,1989741850
4,0,1556846687
4,0,1986134182
4,0,1991189594
4,0,2067998234
4,0,2061514319
4,0,1695466930
4,0,1972624038
4,0,2071744089
4,0,2065365146
4,0,2285820971
4,0,2045841638
4,0,1881029262
4,0,2178078641
4,0,2067502388
4,0,1971059925
4,0,1678131591
4,0,2178740543
4,0,1880848392
4,0,1961137994
4,0,1793371913
4,0,1968749622
4,0,1548318718
4,0,1677394757
4,0,1966195083
4,0,2179877497
4,0,2057100139
4,0,1968788388
4,0,2054009700
4,0,1986977043
4,0,1999622490
4,0,1970997780
4,0,2193426860
4,0,2031190134
4,0,2175219130
4,0,1996192111
4,0,1969597259
4,0,2192718436
4,0,2067051141
4,0,2017641213
4,0,1970747904
4,0,2053746919
4,0,1823570339
4,0,2265758826
4,0,1833580364
4,0,1980857981
4,0,2192812983
4,0,1694257510
4,0,2013899212
4,0,1678131216
4,0,2191885449
4,0,1759691231
4,0,2001167271
4,0,1793072821
4,0,1969765452
4,0,1692295722
4,0,2053166503
4,0,2060135199
4,0,1982682688
4,0,2014202038
4,0,2193473960
4,0,2060705297
4,0,1932546637
4,0,1834833962
4,0,1972789984
4,0,2053038659
4,0,1753010225
4,0,1553834820
4,0,2179875717
4,0,1833577117
4,0,2044577652
4,0,2190562754
4,0,1991457117
4,0,2266164979
4,0,2192516696
4,0,1986192723
4,0,1880954145
4,0,1824844023
4,0,1686091854
4,0,2003313756
4,0,1972702941
4,0,1827463774
4,0,1883601713
4,0,1824674667
4,0,1957457351
4,0,1678390363
4,0,2223164504
4,0,2002204601
4,0,1551181509
4,0,2002031791
4,0,1823352715
4,0,2190563824
4,0,1980552544
4,0,1883285356
4,0,2225719175
4,0,1553179492
4,0,1990683336
4,0,1967888081
4,0,2216862451
4,0,1976972640
4,0,1558003385
4,0,2070130905
4,0,2054934949
4,0,1984633207
4,0,1990361437
4,0,2056660317
4,0,1982360586
4,0,1565096048
4,0,2000288735
4,0,1676131330
4,0,1753049334
4,0,1882405559
4,0,1760006542
4,0,1975725759
4,0,2064293547
4,0,2067114961
4,0,1979174842
4,0,1977971374
4,0,1978944438
4,0,2066940996
4,0,2247689433
4,0,2048966494
4,0,1968636206
4,0,1973709193
4,0,1751988089
4,0,1882320779
4,0,1980201481
4,0,2063704547
4,0,1563807026
4,0,1993793852
4,0,1966785804
4,0,1827961951
4,0,2014253638
4,0,2248641047
4,0,1977593764
4,0,1882339221
4,0,2203253480
4,0,1573650038
4,0,1563661735
4,0,2052737090
4,0,2065348451
4,0,1792396313
4,0,1965916977
4,0,1972844391
4,0,1564646271
4,0,2063889928
4,0,2018464412
4,0,1992229862
4,0,1828004858
4,0,2018353045
4,0,2001341880
4,0,2177406043
4,0,1972180784
4,0,1962630502
4,0,2065958726
4,0,2055491512
4,0,1980433526
4,0,2300593295
4,0,2056391335
4,0,2064396358
4,0,1965277273
4,0,1967112655
4,0,1988818784
4,0,2068628581
4,0,1986070101
4,0,1971512296
4,0,1989884136
4,0,2052898632
4,0,2012152796
4,0,2228115989
4,0,1558213818
4,0,2058247713
4,0,1979229344
4,0,2068869993
4,0,2176376260
4,0,1980608730
4,0,2053528263
4,0,1996876426
4,0,2190932190
4,0,1969504026
4,0,2016761646
4,0,2204429144
4,0,2187816510
4,0,2030862273
4,0,2044451401
4,0,2062146698
4,0,1558618663
4,0,1977546931
4,0,2048924387
4,0,1975375562
4,0,1990829931
4,0,2203432054
4,0,1824159206
4,0,2328497702
4,0,1989471755
4,0,2189927096
4,0,2069781685
4,0,1883200840
4,0,1979707739
4,0,1999984590
4,0,1972703695
4,0,1966061181
4,0,1992956509
4,0,1753364594
4,0,1986665594
4,0,2229429439
4,0,2060633011
4,0,1961634630
4,0,2062445049
4,0,1960548327
4,0,2047300215
4,0,1686336598
4,0,2054596316
4,0,1880206280
4,0,1557880696
4,0,1795269197
4,0,1751288387
4,0,2231412512
4,0,1967829449
4,0,1975376034
4,0,1678388039
4,0,1565133495
4,0,1834598052
4,0,1982599134
4,0,1977120650
4,0,2070029664
4,0,1752941781
4,0,1977373463
4,0,1983660004
4,0,1468222458
4,0,2016020711
4,0,1982735412
4,0,2008430625
4,0,2262491646
4,0,2072167754
4,0,2066194789
4,0,1955950454
4,0,1988850388
4,0,1754329459
4,0,2005440111
4,0,2057082119
4,0,2231577178
4,0,1973811135
4,0,2189294017
4,0,1956110647
4,0,2178613651
4,0,2219283050
4,0,2064581221
4,0,1556796459
4,0,1972455061
4,0,2175634460
4,0,1994190204
4,0,2057708867
4,0,1880736142
4,0,2236117841
4,0,2002103904
4,0,1835380769
4,0,1955815362
4,0,1988958532
4,0,1977260835
4,0,1573322799
4,0,2237044497
4,0,2069471178
4,0,1693954864
4,0,1957322863
4,0,2066736302
4,0,2002684819
4,0,2190884885
4,0,1960820458
4,0,2050434396
4,0,1982874535
4,0,1998371510
4,0,2010644681
4,0,1881839576
4,0,2000971940
4,0,1966228071
4,0,1968708551
4,0,1550842657
4,0,2015697259
4,0,2012391260
4,0,1994863044
4,0,1961551876
4,0,1685744447
4,0,1961059288
4,0,1979755052
4,0,1977194989
4,0,1974446866
4,0,1880783331
4,0,1979099328
4,0,1973518504
4,0,2189998071
4,0,2048575783
4,0,2053262335
4,0,1957149140
4,0,2257994682
4,0,1979543474
4,0,1973435677
4,0,1982282248
4,0,2050077089
4,0,1760110477
4,0,2016382799
4,0,2248525938
4,0,1825241352
4,0,1686707961
4,0,2237292181
4,0,2003292865
4,0,1997561237
4,0,2063507332
4,0,1880354808
4,0,1880748256
4,0,2214772931
4,0,2218976263
4,0,1980445102
4,0,2190925808
4,0,1556721843
4,0,2175145751
4,0,1982133343
4,0,1994891699
4,0,2062438113
4,0,1677720309
4,0,1573159475
4,0,2051012325
4,0,2204890513
4,0,1981784826
4,0,2183671424
4,0,1964708012
4,0,2055957845
4,0,2052485717
4,0,1882541640
4,0,1956688191
4,0,1960425693
4,0,1559388687
4,0,1997028367
4,0,1980594152
4,0,2003601108
4,0,2044314342
4,0,2013732709
4,0,2012954587
4,0,2016156671
4,0,1676192208
4,0,1974563704
4,0,2014538833
4,0,1977260552
4,0,1994057493
4,0,2174720611
4,0,1823015321
4,0,1969864914
4,0,1976197273
4,0,2190138194
4,0,1999081622
4,0,1969075187
4,0,2015206815
4,0,1572892606
4,0,1974658651
4,0,1693118779
4,0,2182914960
4,0,1556490351
4,0,1972397859
4,0,1557782637
4,0,2179679354
4,0,1827739033
4,0,2000052322
4,0,1998593721
4,0,1754352024
4,0,2176447209
4,0,1679210263
4,0,2186648097
4,0,2246676433
4,0,1823539537
4,0,1881338675
4,0,1880201027
4,0,2323029499
4,0,1883324410
4,0,1970340440
4,0,1880916014
4,0,1989620620
4,0,2061680742
4,0,2175613048
4,0,1983775929
4,0,1965915972
4,0,2050821922
4,0,1827731134
4,0,1793068369
4,0,2264761004
4,0,1979360530
4,0,2064557593
4,0,1827937248
4,0,2180956114
4,0,1880828888
4,0,2008560189
4,0,1985381362
4,0,1979576712
4,0,1966374162
4,0,2057495034
4,0,2000628048
4,0,2182553307
4,0,1990512696
4,0,1751070603
4,0,1979480833
4,0,2054395147
4,0,1828032709
4,0,1968023014
4,0,2051626532
4,0,2063472130
4,0,2070619778
4,0,1754708424
4,0,1824732462
4,0,1675862242
4,0,2068889317
4,0,2070581964
4,0,2189593355
4,0,2182554520
4,0,2176647991
4,0,1834471224
4,0,2013323587
4,0,1989195577
4,0,1963996382
4,0,1834759443
4,0,2046685308
4,0,2191667298
4,0,2002697276
4,0,1956482001
4,0,1468056000
4,0,2196894070
4,0,2189037295
4,0,2192082384
4,0,2188926211
4,0,1564463278
4,0,1963649102
4,0,1956419582
4,0,2052120280
4,0,2002710750
4,0,1999045148
4,0,1675863155
4,0,2045170678
4,0,1991151591
4,0,2324912993
4,0,1996336233
4,0,1835355906
4,0,1557715783
4,0,1970766326
4,0,2257633883
4,0,1827423272
4,0,1961786273
4,0,2001692811
4,0,2191219025
4,0,2176928656
4,0,2062471637
4,0,1977838848
4,0,1983486277
4,0,2002102937
4,0,1978013489
4,0,1679244716
4,0,1992626110
4,0,1979874604
4,0,1793933466
4,0,2014458923
4,0,2052897035
4,0,2013855177
4,0,1557579492
4,0,1988702663
4,0,1882086549
4,0,1882076523
4,0,2054011000
4,0,1973915048
4,0,1970894728
4,0,2251260587
4,0,1973965423
4,0,1687039845
4,0,2002738271
4,0,1827911346
4,0,2013359117
4,0,1971559168
4,0,2063874324
4,0,2012556246
4,0,2177701783
4,0,1963004345
4,0,1694109146
4,0,1468771452
4,0,2058365065
4,0,1997678040
4,0,2186295405
4,0,1979262733
4,0,1882112675
4,0,1563886441
4,0,1996916724
4,0,2002455954
4,0,2051243390
4,0,2062924267
4,0,2017217182
4,0,1975518024
4,0,1563578431
4,0,1995192277
4,0,1968939086
4,0,2192313858
4,0,1993372840
4,0,1881605978
4,0,1759540898
4,0,2006459542
4,0,1835354843
4,0,2059947755
4,0,2190762722
4,0,2016999562
4,0,1980745472
4,0,2190740413
4,0,1971279523
4,0,2191947135
4,0,1977925947
4,0,1753954293
4,0,1564804751
4,0,1977391760
4,0,1932700944
4,0,1883557531
4,0,1695768212
4,0,2188614048
4,0,1558066637
4,0,1827968565
4,0,1978309098
4,0,1974333289
4,0,1557388067
4,0,2189018528
4,0,1824348295
4,0,1973809367
4,0,1553741047
4,0,1989824831
4,0,2007794059
4,0,1836189437
4,0,1976169665
4,0,1974202420
4,0,2187795925
4,0,2066660529
4,0,1988864103
4,0,1469070167
4,0,1686468863
4,0,2051209469
4,0,2002685624
4,0,1685919168
4,0,1964937946
4,0,1972212603
4,0,2241582160
4,0,2062512680
4,0,1834651682
4,0,1970228625
4,0,1469070756
4,0,1957357686
4,0,1881462909
4,0,2256189656
4,0,2050320538
4,0,1469729377
4,0,2014990586
4,0,2057011796
4,0,2286007889
4,0,1999532136
4,0,2193319752
4,0,1564039569
4,0,1972897232
4,0,2187137184
4,0,2069155512
4,0,1770980190
4,0,1694258471
4,0,1964592011
4,0,1687184398
4,0,1990436133
4,0,1573299338
4,0,1565230381
4,0,2057690792
4,0,1975999956
4,0,2044641822
4,0,1964396263
4,0,2061458016
4,0,2214278368
4,0,2184852607
4,0,2000600923
4,0,2002255385
4,0,1992091351
4,0,2182528025
4,0,2234715177
4,0,1556794166
4,0,2057189883
4,0,1983570480
4,0,1825485602
4,0,1980400672
4,0,1962918207
4,0,1834429196
4,0,1957170147
4,0,2178801392
4,0,2182626428
4,0,1824544773
4,0,1979390778
4,0,1986163450
4,0,2176926688
4,0,2017703724
4,0,1981160319
4,0,1469814230
4,0,2060070158
4,0,2056681745
4,0,1971019281
4,0,2067012796
4,0,1833876841
4,0,1995542235
4,0,2071729124
4,0,1754710835
4,0,1981817766
4,0,1989893667
4,0,2199031203
4,0,1991989232
4,0,1880343469
4,0,1994526214
4,0,1989797455
4,0,1759654995
4,0,2186952085
4,0,1968679229
4,0,1881246469
4,0,2049911847
4,0,2072190320
4,0,1686138870
4,0,1557029129
4,0,2056993589
4,0,2057801749
4,0,1554014104
4,0,1969469342
4,0,2049456132
4,0,2062052435
4,0,2066011357
4,0,2053176699
4,0,1824135348
4,0,2001751028
4,0,2001967083
4,0,1964246804
4,0,1963531079
4,0,2053848707
4,0,1686826510
4,0,2051870539
4,0,1984053105
4,0,1967454171
4,0,1693832593
4,0,1882972314
4,0,1826057919
4,0,1678265141
4,0,1996460727
4,0,2216762051
4,0,1962318476
4,0,2245483446
4,0,1976151999
4,0,2180573993
4,0,1882162648
4,0,2060508687
4,0,1824730263
4,0,1832702690
4,0,1990602310
4,0,2059947608
4,0,2072052753
4,0,1795501115
4,0,1984345431
4,0,2014674762
4,0,2013497957
4,0,1883642226
4,0,1988999863
4,0,1996898673
4,0,2062213334
4,0,2069989234
4,0,1996917968
4,0,1834450904
4,0,1555958693
4,0,1822461923
4,0,2013301190
4,0,2051143887
4,0,2064866860
4,0,1468572758
4,0,2054023085
4,0,1979375628
4,0,1792352669
4,0,2063547548
4,0,1957251709
4,0,2062559188
4,0,1834160211
4,0,1468022154
4,0,1565760372
4,0,1996606351
4,0,1979082890
4,0,1793570761
4,0,1977982912
4,0,1677978363
4,0,1553397675
4,0,1956515858
4,0,1984968426
4,0,2182877447
4,0,2062312513
4,0,1833707759
4,0,1983675710
4,0,1963408939
4,0,1836207518
4,0,1984584222
4,0,1752773617
4,0,2190822216
4,0,2217247226
4,0,2016050359
4,0,2204250730
4,0,1977727103
4,0,2186073054
4,0,1468141439
4,0,1973949403
4,0,2193453182
4,0,1997369146
4,0,1975311014
4,0,1977575845
4,0,1972253388
4,0,2193029793
4,0,1968808631
4,0,1754448023
4,0,1994828726
4,0,2017542028
4,0,2184740687
4,0,2177659016
4,0,1835259239
4,0,1972614327
4,0,1969199552
4,0,1996087654
4,0,2189525124
4,0,2071480203
4,0,2325554288
4,0,2220730856
4,0,1986218493
4,0,2066899300
4,0,2058568173
4,0,1752444030
4,0,1828053716
4,0,1968025577
4,0,1965261019
4,0,1989464178
4,0,1827994387
4,0,2187392022
4,0,1996174940
4,0,2001034271
4,0,1957074070
4,0,1992334855
4,0,1976827028
4,0,1977093664
4,0,2052907212
4,0,1881794454
4,0,1971781491
4,0,1976166473
4,0,2216667714
4,0,1792887601
4,0,1966321554
4,0,1881275480
4,0,2181078934
4,0,1677426682
4,0,1563611376
4,0,2071604502
4,0,1694293402
4,0,1835232582
4,0,2187436089
4,0,1970769559
4,0,2254191261
4,0,1833895960
4,0,1964630008
4,0,2053682206
4,0,1978842391
4,0,1881781435
4,0,2288758190
4,0,2175109754
4,0,1997330783
4,0,1792667737
4,0,2053454557
4,0,1827520134
4,0,1833525699
4,0,1694930756
4,0,1978725460
4,0,1967060734
4,0,2238400338
4,0,1681138808
4,0,1752618719
4,0,2193372699
4,0,2052822329
4,0,2068799191
4,0,2193577586
4,0,2070489201
4,0,1932429824
4,0,2187880655
4,0,1759770550
4,0,2176363726
4,0,1693323595
4,0,1835655907
4,0,1996478583
4,0,2175276118
4,0,2044694964
4,0,1990904902
4,0,1966617022
4,0,1563513464
4,0,1932698420
4,0,1795267023
4,0,1468296996
4,0,1573458603
4,0,1558763130
4,0,1977232564
4,0,1999821888
4,0,2066919710
4,0,2015041097
4,0,1999994358
4,0,1967812818
4,0,2050320354
4,0,1557190149
4,0,2189142059
4,0,1956941140
4,0,2189126303
4,0,1881738337
4,0,2184181848
4,0,1962631726
4,0,2176010464
4,0,1997540025
4,0,2055401830
4,0,2014720087
4,0,2235393425
4,0,1984276328
4,0,2221401435
4,0,2064939807
4,0,2052541939
4,0,2065609481
4,0,1881019472
4,0,1996087965
4,0,2323067540
4,0,1978081358
4,0,2059288110
4,0,2322815267
4,0,1882793697
4,0,2174809480
4,0,1469702598
4,0,2053895253
4,0,1834461346
4,0,2014908428
4,0,1995851607
4,0,1984510853
4,0,2184276931
4,0,1678052959
4,0,2186549606
4,0,1880234384
4,0,1469588368
4,0,2178854424
4,0,2015017109
4,0,2236545869
4,0,2045197729
4,0,1824408760
4,0,1827584721
4,0,1967904382
4,0,2018221648
4,0,1881700802
4,0,2002418829
4,0,1980467378
4,0,2069791511
4,0,2001245981
4,0,1836207440
4,0,2193975180
4,0,1824657769
4,0,1982517184
4,0,1966672119
4,0,2189996225
4,0,1564539484
4,0,2017194160
4,0,1986763416
4,0,1972634122
4,0,1752444039
4,0,1970370261
4,0,2179652943
4,0,2072213230
4,0,2068176716
4,0,2001269511
4,0,1835149415
4,0,2071244554
4,0,1964418135
4,0,2058043241
4,0,2014703876
4,0,2014825212
4,0,2048452215
4,0,2062211188
4,0,1557400497
4,0,1989410884
4,0,2060991980
4,0,2065365428
4,0,1974851263
4,0,1467916714
4,0,1977641273
4,0,1469757896
4,0,1678817984
4,0,1995882826
4,0,2182890128
4,0,1695281557
4,0,1995192416
4,0,2064646285
4,0,1976258068
4,0,2053472109
4,0,1881993221
4,0,1753665095
4,0,1792327149
4,0,1834575827
4,0,1564781606
4,0,1993665822
4,0,2064077568
4,0,1976349623
4,0,2070786766
4,0,1880693074
4,0,1687662815
4,0,2039678872
4,0,1563794344
4,0,2058381712
4,0,2032695643
4,0,2259858285
4,0,2004490243
4,0,1826315843
4,0,1957669592
4,0,2175736042
4,0,1978873271
4,0,2057992519
4,0,2052346289
4,0,2044050625
4,0,2187856818
4,0,2056748199
4,0,1990670887
4,0,2244282603
4,0,1557616264
4,0,2189629115
4,0,1989173074
4,0,2050154067
4,0,2204406702
4,0,2261670244
4,0,1551747064
4,0,1984037972
4,0,2002052880
4,0,1983970305
4,0,1692216922
4,0,1971574830
4,0,1564081779
4,0,1991136022
4,0,1557800924
4,0,2228807283
4,0,1994400912
4,0,1981706336
4,0,2059498860
4,0,1793727328
4,0,1686314005
4,0,2001042486
4,0,1970470700
4,0,2000334964
4,0,2013683586
4,0,2191405616
4,0,1679768066
4,0,2012153004
4,0,1564070541
4,0,1932858370
4,0,1979199839
4,0,2053081940
4,0,1754879305
4,0,1962939981
4,0,1980745074
4,0,2176448403
4,0,2062657613
4,0,2192247079
4,0,1880771065
4,0,1998665646
4,0,1981438938
4,0,1989852009
4,0,1974380529
4,0,2071552781
4,0,1932488838
4,0,1955873759
4,0,2229937695
4,0,1557245465
4,0,2013180852
4,0,1882260940
4,0,1880956268
4,0,1932699360
4,0,2008811063
4,0,2185078874
4,0,1822539928
4,0,1676579153
4,0,2063587027
4,0,1986718029
4,0,2191266341
4,0,2039753658
4,0,1679841720
4,0,1973528321
4,0,2176742615
4,0,1564666537
4,0,1992456581
4,0,1977078340
4,0,1823841605
4,0,2044895873
4,0,2062064990
4,0,2229835356
4,0,1973948888
4,0,1969355473
4,0,1882012584
4,0,2001268310
4,0,1881838716
4,0,1978130896
4,0,2189296222
4,0,1932940222
4,0,1688078901
4,0,1968334920
4,0,2191568868
4,0,2063838944
4,0,1979778961
4,0,2052475458
4,0,1955948430
4,0,1979853789
4,0,2050993315
4,0,2184043052
4,0,1979944593
4,0,2219152819
4,0,2190389369
4,0,1963136615
4,0,1984070205
4,0,1882232265
4,0,1836225960
4,0,2185013701
4,0,2062376407
4,0,2002467623
4,0,1963136456
4,0,2064282963
4,0,1976698165
4,0,1967621226
4,0,2049538150
4,0,1750929842
4,0,1822358341
4,0,2221152519
4,0,1880801990
4,0,1564602778
4,0,1469129595
4,0,1957051839
4,0,1969594282
4,0,1981935209
4,0,2266438643
4,0,1968933919
4,0,1831348114
4,0,2185647215
4,0,1988771138
4,0,1985132677
4,0,2064209906
4,0,2067799777
4,0,2061362441
4,0,2014036262
4,0,1694533702
4,0,1991813121
4,0,1827648294
4,0,1881929786
4,0,2188973473
4,0,2060937765
4,0,1771135327
4,0,1824486288
4,0,1470184592
4,0,1548728291
4,0,2185873640
4,0,1973121896
4,0,1989174434
4,0,1754449160
4,0,1690978029
4,0,2226437137
4,0,1957110698
4,0,2004430890
4,0,1881315464
4,0,1985473664
4,0,1969942600
4,0,1556795454
4,0,1971231047
4,0,2190606740
4,0,2052260949
4,0,2218674847
4,0,1971873550
4,0,1822865898
4,0,1980244299
4,0,2061394151
4,0,1677596084
4,0,2064095731
4,0,2061331540
4,0,1791601875
4,0,2176895291
4,0,2324861063
4,0,2055166769
4,0,1827575139
4,0,2191221914
4,0,2032749464
4,0,2051122165
4,0,2188379921
4,0,1796857377
4,0,1880683152
4,0,1753869051
4,0,2066211597
4,0,2072335696
4,0,2188527416
4,0,1573368955
4,0,2048115057
4,0,1560005525
4,0,2062462844
4,0,2017839381
4,0,1827846187
4,0,1989636999
4,0,2052406333
4,0,1963228517
4,0,1573359893
4,0,2176808936
4,0,2203226114
4,0,2063375019
4,0,1975974650
4,0,1827074878
4,0,2175847582
4,0,2066662240
4,0,1993246416
4,0,1970907096
4,0,2056097300
4,0,2267221052
4,0,2177349112
4,0,1978778675
4,0,1979452186
4,0,1968482103
4,0,2019063353
4,0,1976775270
4,0,1982874538
4,0,1880125573
4,0,1754318478
4,0,1563973687
4,0,2237250464
4,0,2048283830
4,0,1834616083
4,0,1979058240
4,0,2050734300
4,0,2060099871
4,0,2054003614
4,0,2064458132
4,0,1564878895
4,0,1558026471
4,0,1792667320
4,0,2051202321
4,0,1993287661
4,0,2186153797
4,0,1985594785
4,0,2054292019
4,0,2012552114
4,0,2016249407
4,0,2052560970
4,0,1993416833
4,0,1976950602
4,0,2225438104
4,0,2065103968
4,0,2001975769
4,0,2178054405
4,0,1997389920
4,0,1982906648
4,0,2063684549
4,0,1988893034
4,0,1880324143
4,0,1957738949
4,0,1979390247
4,0,2175934588
4,0,1553179544
4,0,1993795162
4,0,2193427163
4,0,2049365035
4,0,2001076775
4,0,2067397751
4,0,1964630905
4,0,1974201413
4,0,1557284956
4,0,2003477634
4,0,1794783456
4,0,1981904422
4,0,2264637819
4,0,2003826800
4,0,2009589317
4,0,1963027980
4,0,2066266910
4,0,2004452778
4,0,1999431750
4,0,1752724534
4,0,1833432782
4,0,2070845862
4,0,2192768638
4,0,1956587269
4,0,2052966652
4,0,1836031467
4,0,1835340432
4,0,1793372939
4,0,2053791115
4,0,2185241564
4,0,1552035185
4,0,1981613499
4,0,1978859180
4,0,2175447381
4,0,1961137210
4,0,1826374428
4,0,2014299833
4,0,2057402708
4,0,1972178882
4,0,2055323546
4,0,2014805058
4,0,2051943864
4,0,2057957334
4,0,1755476283
4,0,2206036164
4,0,1967192456
4,0,2065058118
4,0,1981788047
4,0,1997676392
4,0,1989325731
4,0,1967024614
4,0,2000094353
4,0,2176187885
4,0,2012723809
4,0,1989487145
4,0,2183123669
4,0,2184484092
4,0,2182498321
4,0,1835020234
4,0,1826563835
4,0,2058044896
4,0,2242703083
4,0,2001030096
4,0,2069100653
4,0,1970219369
4,0,1827741268
4,0,1956162403
4,0,2058518347
4,0,1978568963
4,0,1880267048
4,0,2065379865
4,0,1880225980
4,0,1992518137
4,0,1836173778
4,0,2015598210
4,0,1823013900
4,0,1980822577
4,0,2199456316
4,0,1971440696
4,0,1985478051
4,0,1678313744
4,0,2062635612
4,0,2231626859
4,0,1564316109
4,0,2053395961
4,0,2176339281
4,0,1564089326
4,0,1993879076
4,0,1962935019
4,0,1982958391
4,0,1993985091
4,0,2178621438
4,0,2183598376
4,0,2203735455
4,0,1824287960
4,0,2011016936
4,0,2044930613
4,0,2067939553
4,0,2187136336
4,0,1558396092
4,0,1793053142
4,0,2191905618
4,0,2176348892
4,0,2002125907
4,0,2049126572
4,0,1680994043
4,0,2188543967
4,0,2260640301
4,0,2189874528
4,0,1996877802
4,0,1696215891
4,0,1833011400
4,0,1468269115
4,0,1828076023
4,0,1974810732
4,0,2181052194
4,0,2064782348
4,0,2018463133
4,0,2189591238
4,0,2049556187
4,0,1988727101
4,0,2189151970
4,0,2001966830
4,0,1991478224
4,0,1883057960
4,0,1833965532
4,0,1983344934
4,0,1755082319
4,0,2176031149
4,0,2062354960
4,0,1754262621
4,0,2285378158
4,0,2058177928
4,0,2174757151
4,0,1976778499
4,0,1998229914
4,0,2055118356
4,0,2053049697
4,0,1693917919
4,0,1684896033
4,0,2238941188
4,0,2052075569
4,0,1687370971
4,0,2052161749
4,0,1898407107
4,0,2014847390
4,0,1573069350
4,0,1825339978
4,0,2057956435
4,0,1992419107
4,0,2058911622
4,0,2005061254
4,0,1969880633
4,0,2059994159
4,0,1976122985
4,0,2177759460
4,0,2053349903
4,0,2323526760
4,0,1979854714
4,0,1548645291
4,0,1977850445
4,0,2057802731
4,0,2057296801
4,0,1564644828
4,0,1966340415
4,0,1970622050
4,0,2061332414
4,0,2015050080
4,0,1693087186
4,0,1980679578
4,0,1880808948
4,0,2058673557
4,0,1881476876
4,0,1822828419
4,0,2063670534
4,0,1970329580
4,0,1932914321
4,0,1827780611
4,0,2203584431
4,0,1754139676
4,0,1686920875
4,0,1994431534
4,0,2011505296
4,0,1969916943
4,0,2067740159
4,0,2008431459
4,0,2184761765
4,0,1677347860
4,0,2054547573
4,0,1880524090
4,0,2066609185
4,0,1989787358
4,0,1793572158
4,0,1553112449
4,0,1932397291
4,0,2070153489
4,0,1834038303
4,0,2259537901
4,0,1983589353
4,0,1975879642
4,0,1990936376
4,0,1833380117
4,0,1825082416
4,0,1983085431
4,0,2235136977
4,0,1993924601
4,0,2179106603
4,0,1982349524
4,0,2056208327
4,0,1686802432
4,0,1997462948
4,0,1990906642
4,0,1969405420
4,0,2066232249
4,0,2299697792
4,0,1694549205
4,0,2298574717
4,0,2072437483
4,0,2066030139
4,0,1686074644
4,0,1985629149
4,0,1551712809
4,0,2189424886
4,0,2176341965
4,0,2001166655
4,0,1688008805
4,0,1692992365
4,0,1826381789
4,0,2004685835
4,0,1753177055
4,0,2047296930
4,0,1548752185
4,0,2063899925
4,0,1827610629
4,0,2064435359
4,0,2060526550
4,0,1991118777
4,0,2218053895
4,0,1989970487
4,0,2056972981
4,0,1755842389
4,0,1955952101
4,0,1759492926
4,0,1833818886
4,0,1962702878
4,0,1468542524
4,0,1794392021
4,0,2215070867
4,0,2178958163
4,0,2053451192
4,0,1962941178
4,0,2015133678
4,0,1685078193
4,0,2182197760
4,0,1979403271
4,0,1752896854
4,0,1974085134
4,0,2063423472
4,0,2066753120
4,0,1978393108
4,0,2013342247
4,0,1993351708
4,0,2263865121
4,0,2204637855
4,0,1932668100
4,0,2253441557
4,0,2065164492
4,0,1835738663
4,0,1880335828
4,0,2178232307
4,0,2215243571
4,0,1557615461
4,0,1685949884
4,0,2175354464
4,0,1957038185
4,0,1969426783
4,0,2071303760
4,0,2187323507
4,0,1574066553
4,0,2013760796
4,0,2063472644
4,0,1970309195
4,0,1563812149
4,0,1956254612
4,0,1752322242
4,0,2014157168
4,0,1997388144
4,0,1833765257
4,0,2199471542
4,0,1827525908
4,0,1557018083
4,0,1999472325
4,0,1997064547
4,0,1982581761
4,0,2198902763
4,0,2055028685
4,0,2062765870
4,0,1975614726
4,0,1564299252
4,0,1961258509
4,0,1694904061
4,0,1979316474
4,0,2059960899
4,0,2063105669
4,0,2213709266
4,0,1556846730
4,0,2299300371
4,0,1832581838
4,0,1976492950
4,0,2246978155
4,0,2068725833
4,0,1977734456
4,0,2059896602
4,0,1565263777
4,0,1880693290
4,0,1983829207
4,0,1692956566
4,0,1563796075
4,0,2177557395
4,0,1573825122
4,0,1989720663
4,0,2016054909
4,0,1991074956
4,0,1957123386
4,0,2063488904
4,0,1992111362
4,0,1976215800
4,0,2174627668
4,0,1967250032
4,0,2069344343
4,0,2070408517
4,0,1691862037
4,0,2000937602
4,0,2214603524
4,0,1932889340
4,0,2055196102
4,0,2228212831
4,0,2296033934
